{
 "cells": [
  {
   "cell_type": "code",
   "execution_count": null,
   "metadata": {},
   "outputs": [],
   "source": [
    "# 9.9.21\n",
    "# First let's plot the ecoblock graph"
   ]
  },
  {
   "cell_type": "code",
   "execution_count": 20,
   "metadata": {},
   "outputs": [],
   "source": [
    "import importlib\n",
    "import numpy as np\n",
    "import math as m\n",
    "import statistics as st\n",
    "import cmath\n",
    "import matplotlib.pyplot as plt \n",
    "import itertools\n",
    "import random\n",
    "from operator import add\n",
    "from graphviz import Source, render\n",
    "import pydot\n",
    "\n",
    "import datetime\n",
    "import time\n",
    "\n",
    "import sys\n",
    "sys.path.append('py_modules') # below modules are in this folder\n",
    "#print(sys.path)\n",
    "import setup_nx # your own module, setup.nx.py\n",
    "importlib.reload(setup_nx)\n",
    "import my_feeder_funcs as ff\n",
    "import my_impedance_funcs as imp\n",
    "import my_configVis_funcs as vis\n",
    "import my_detControlMatExistence_funcs as ctrl\n",
    "import my_detLznRange_funcs as lzn\n",
    "import my_heatmapSetup_funcs as hm"
   ]
  },
  {
   "cell_type": "code",
   "execution_count": 21,
   "metadata": {},
   "outputs": [
    {
     "name": "stdout",
     "output_type": "stream",
     "text": [
      "2021-09-10 16:38:13.713615\n"
     ]
    }
   ],
   "source": [
    "# [Essential] specify input feeder data for IEEE 123-node test feeder\n",
    "\n",
    "# Enter the path/name of the impedance model data (excel file)\n",
    "filepath = \"feeder_impedance_models/\"\n",
    "#modelpath = filepath + \"004_GB_IEEE123_OPAL.xls\"\n",
    "modelpath = filepath + \"ecoblock_impedexcel.xls\"\n",
    "\n",
    "# load data is not actually used in assessment, but the feeder object builds variables to hold load info\n",
    "loadfolder = filepath\n",
    "loadpath = filepath + 'ecoblock_sigbuilder.csv'\n",
    "headerpath = filepath + 'ecoblock_time_header.csv'\n",
    "load_data = loadpath\n",
    "\n",
    "#file_name = string specifying name of dot file created when make_graph() is called\n",
    "file_name = 'ecoblock'\n",
    "#file_name = 'demo123NF.dot'\n",
    "\n",
    "# Specify substation kV, kVA bases, name, and the number of timesteps in the load data'\n",
    "Vbase_ll = 4160\n",
    "Vbase = Vbase_ll / np.sqrt(3)\n",
    "Sbase = 5000/3\n",
    "substation_name = 'bus_3'\n",
    "timesteps = 1\n",
    "\n",
    "# initialize some variables\n",
    "ts = time.time()\n",
    "print(datetime.datetime.fromtimestamp(ts))\n",
    "plot = 0 #turn plot on/off\n",
    "depths = {}\n",
    "leaves = []"
   ]
  },
  {
   "cell_type": "code",
   "execution_count": 22,
   "metadata": {},
   "outputs": [
    {
     "name": "stderr",
     "output_type": "stream",
     "text": [
      "  File \"C:\\Users\\jaimi\\Anaconda3\\lib\\runpy.py\", line 193, in _run_module_as_main\n",
      "    \"__main__\", mod_spec)\n",
      "  File \"C:\\Users\\jaimi\\Anaconda3\\lib\\runpy.py\", line 85, in _run_code\n",
      "    exec(code, run_globals)\n",
      "  File \"C:\\Users\\jaimi\\Anaconda3\\lib\\site-packages\\ipykernel_launcher.py\", line 16, in <module>\n",
      "    app.launch_new_instance()\n",
      "  File \"C:\\Users\\jaimi\\Anaconda3\\lib\\site-packages\\traitlets\\config\\application.py\", line 664, in launch_instance\n",
      "    app.start()\n",
      "  File \"C:\\Users\\jaimi\\Anaconda3\\lib\\site-packages\\ipykernel\\kernelapp.py\", line 583, in start\n",
      "    self.io_loop.start()\n",
      "  File \"C:\\Users\\jaimi\\Anaconda3\\lib\\site-packages\\tornado\\platform\\asyncio.py\", line 153, in start\n",
      "    self.asyncio_loop.run_forever()\n",
      "  File \"C:\\Users\\jaimi\\Anaconda3\\lib\\asyncio\\base_events.py\", line 538, in run_forever\n",
      "    self._run_once()\n",
      "  File \"C:\\Users\\jaimi\\Anaconda3\\lib\\asyncio\\base_events.py\", line 1782, in _run_once\n",
      "    handle._run()\n",
      "  File \"C:\\Users\\jaimi\\Anaconda3\\lib\\asyncio\\events.py\", line 88, in _run\n",
      "    self._context.run(self._callback, *self._args)\n",
      "  File \"C:\\Users\\jaimi\\Anaconda3\\lib\\site-packages\\tornado\\ioloop.py\", line 690, in <lambda>\n",
      "    lambda f: self._run_callback(functools.partial(callback, future))\n",
      "  File \"C:\\Users\\jaimi\\Anaconda3\\lib\\site-packages\\tornado\\ioloop.py\", line 743, in _run_callback\n",
      "    ret = callback()\n",
      "  File \"C:\\Users\\jaimi\\Anaconda3\\lib\\site-packages\\tornado\\gen.py\", line 787, in inner\n",
      "    self.run()\n",
      "  File \"C:\\Users\\jaimi\\Anaconda3\\lib\\site-packages\\tornado\\gen.py\", line 748, in run\n",
      "    yielded = self.gen.send(value)\n",
      "  File \"C:\\Users\\jaimi\\Anaconda3\\lib\\site-packages\\ipykernel\\kernelbase.py\", line 361, in process_one\n",
      "    yield gen.maybe_future(dispatch(*args))\n",
      "  File \"C:\\Users\\jaimi\\Anaconda3\\lib\\site-packages\\tornado\\gen.py\", line 209, in wrapper\n",
      "    yielded = next(result)\n",
      "  File \"C:\\Users\\jaimi\\Anaconda3\\lib\\site-packages\\ipykernel\\kernelbase.py\", line 268, in dispatch_shell\n",
      "    yield gen.maybe_future(handler(stream, idents, msg))\n",
      "  File \"C:\\Users\\jaimi\\Anaconda3\\lib\\site-packages\\tornado\\gen.py\", line 209, in wrapper\n",
      "    yielded = next(result)\n",
      "  File \"C:\\Users\\jaimi\\Anaconda3\\lib\\site-packages\\ipykernel\\kernelbase.py\", line 541, in execute_request\n",
      "    user_expressions, allow_stdin,\n",
      "  File \"C:\\Users\\jaimi\\Anaconda3\\lib\\site-packages\\tornado\\gen.py\", line 209, in wrapper\n",
      "    yielded = next(result)\n",
      "  File \"C:\\Users\\jaimi\\Anaconda3\\lib\\site-packages\\ipykernel\\ipkernel.py\", line 300, in do_execute\n",
      "    res = shell.run_cell(code, store_history=store_history, silent=silent)\n",
      "  File \"C:\\Users\\jaimi\\Anaconda3\\lib\\site-packages\\ipykernel\\zmqshell.py\", line 536, in run_cell\n",
      "    return super(ZMQInteractiveShell, self).run_cell(*args, **kwargs)\n",
      "  File \"C:\\Users\\jaimi\\Anaconda3\\lib\\site-packages\\IPython\\core\\interactiveshell.py\", line 2858, in run_cell\n",
      "    raw_cell, store_history, silent, shell_futures)\n",
      "  File \"C:\\Users\\jaimi\\Anaconda3\\lib\\site-packages\\IPython\\core\\interactiveshell.py\", line 2886, in _run_cell\n",
      "    return runner(coro)\n",
      "  File \"C:\\Users\\jaimi\\Anaconda3\\lib\\site-packages\\IPython\\core\\async_helpers.py\", line 68, in _pseudo_sync_runner\n",
      "    coro.send(None)\n",
      "  File \"C:\\Users\\jaimi\\Anaconda3\\lib\\site-packages\\IPython\\core\\interactiveshell.py\", line 3063, in run_cell_async\n",
      "    interactivity=interactivity, compiler=compiler, result=result)\n",
      "  File \"C:\\Users\\jaimi\\Anaconda3\\lib\\site-packages\\IPython\\core\\interactiveshell.py\", line 3254, in run_ast_nodes\n",
      "    if (await self.run_code(code, result,  async_=asy)):\n",
      "  File \"C:\\Users\\jaimi\\Anaconda3\\lib\\site-packages\\IPython\\core\\interactiveshell.py\", line 3331, in run_code\n",
      "    exec(code_obj, self.user_global_ns, self.user_ns)\n",
      "  File \"<ipython-input-22-e217719fa29e>\", line 3, in <module>\n",
      "    fin_feeder = ff.feeder_init(modelpath,loadfolder,loadpath,timesteps,Vbase_ll,Sbase,depths,leaves)\n",
      "  File \"py_modules\\my_feeder_funcs.py\", line 42, in feeder_init\n",
      "    Vbase_ll,Sbase,refphasor,Psat_nodes,Qsat_nodes,PVforecast, depths, leaves)\n",
      "  File \"py_modules\\setup_nx.py\", line 69, in __init__\n",
      "    self.loaddict = loadbuilderPQ(self.modeldata, self.busdict, loadpath, timesteps, timestepcur)\n",
      "  File \"py_modules\\setup_nx.py\", line 612, in loadbuilderPQ\n",
      "    Z = np.conj(np.square(iload.node.kVbase_phg)*1000/S)\n",
      "  File \"C:\\Users\\jaimi\\Anaconda3\\lib\\warnings.py\", line 110, in _showwarnmsg\n",
      "    msg.file, msg.line)\n",
      "  File \"py_modules\\setup_nx.py\", line 30, in warn_with_traceback\n",
      "    traceback.print_stack(file=log)\n",
      "py_modules\\setup_nx.py:612: RuntimeWarning: overflow encountered in int_scalars\n",
      "  Z = np.conj(np.square(iload.node.kVbase_phg)*1000/S)\n"
     ]
    },
    {
     "name": "stdout",
     "output_type": "stream",
     "text": [
      "Finished initializing feeder\n",
      "bus_1\n",
      "bus_2\n",
      "bus_3\n",
      "bus_4\n",
      "bus_5\n",
      "bus_6\n",
      "bus_7\n",
      "bus_8\n",
      "bus_9\n",
      "bus_3001\n"
     ]
    }
   ],
   "source": [
    "# [ESSENTIAL] create feeder object and plot feeder with make_graph func\n",
    "\n",
    "fin_feeder = ff.feeder_init(modelpath,loadfolder,loadpath,timesteps,Vbase_ll,Sbase,depths,leaves)\n",
    "print(\"Finished initializing feeder\")\n",
    "ff.make_graph(fin_feeder, file_name)\n",
    "node_index_map = hm.createNodeIndexMap(fin_feeder) #node indices for indicMat and F matrix\n",
    "R,X=hm.createRXmatrices_3ph(fin_feeder, node_index_map,depths)\n",
    "\n",
    "#print('depths=',depths) # check this is populated, lists how far each node is from substation\n",
    "#print('depths length=',len(depths))\n",
    "\n",
    "# print list of first 10 buses in network\n",
    "count = 0 \n",
    "for i in fin_feeder.network:    \n",
    "    print(i) \n",
    "    count += 1\n",
    "    if count >= 10:\n",
    "        break\n",
    "    \n",
    "import csv  # jaimie do you need this?\n",
    "graph = fin_feeder.network"
   ]
  },
  {
   "cell_type": "code",
   "execution_count": 28,
   "metadata": {},
   "outputs": [],
   "source": [
    "# mark actuators on graph\n",
    "lst_act_locs=['bus_4','bus_3079','bus_3089','bus_3011','bus_3015','bus_3025','bus_3029','bus_3033','bus_3037','bus_3038','bus_3044','bus_3049','bus_3056','bus_3058','bus_3057','bus_3059','bus_3063','bus_3062','bus_3001','bus_3008']\n",
    "#[4 3079 3089 3011 3015 3025 3029 3033 3037 3038 3044 3049 3056 3058 3057 3059 3063 3062 3001 3008];\n",
    "vis.markActuatorConfig(lst_act_locs, fin_feeder, file_name)"
   ]
  },
  {
   "cell_type": "code",
   "execution_count": null,
   "metadata": {},
   "outputs": [],
   "source": [
    "# # gather impedance info Xii for each actuator\n",
    "# lst_act_locs=['bus_4','bus_3079','bus_3089','bus_3011','bus_3015','bus_3025','bus_3029','bus_3033','bus_3037','bus_3038','bus_3044','bus_3049','bus_3056','bus_3058','bus_3057','bus_3059','bus_3063','bus_3062','bus_3001','bus_3008']\n",
    "\n",
    "# Xii_vec=np.array([])\n",
    "# for cby_load in lst_act_locs:\n",
    "#     Zii=imp.get_total_impedance_from_substation(fin_feeder, cby_load, depths) # returns dict of 3x3 numpy array for Z_ii\n",
    "#     Xii=np.real(Zii)\n",
    "#     print('Xii of ',cby_load,' = ',Xii)\n",
    "#     #Xii_vec=np.append(Xii_vec,Xii.mean()) # take mean of X_{3x3}"
   ]
  },
  {
   "cell_type": "code",
   "execution_count": 19,
   "metadata": {},
   "outputs": [
    {
     "name": "stdout",
     "output_type": "stream",
     "text": [
      "Xii of  bus_4  =  [[0.2592     0.08830699 0.0894965 ]\n",
      " [0.08830699 0.2592     0.08527047]\n",
      " [0.0894965  0.08527047 0.2592    ]]\n",
      "Xii of  bus_3079  =  [[0.2592     0.08830699 0.0894965 ]\n",
      " [0.08830699 0.2592     0.08527047]\n",
      " [0.0894965  0.08527047 0.2592    ]]\n",
      "Xii of  bus_3089  =  [[0.2592     0.08830699 0.0894965 ]\n",
      " [0.08830699 0.2592     0.08527047]\n",
      " [0.0894965  0.08527047 0.2592    ]]\n",
      "Xii of  bus_3011  =  [[0.3456     0.11774266 0.11932867]\n",
      " [0.11774266 0.3456     0.11369396]\n",
      " [0.11932867 0.11369396 0.3456    ]]\n",
      "Xii of  bus_3015  =  [[0.3456     0.11774266 0.11932867]\n",
      " [0.11774266 0.3456     0.11369396]\n",
      " [0.11932867 0.11369396 0.3456    ]]\n",
      "Xii of  bus_3025  =  [[0.3456     0.11774266 0.11932867]\n",
      " [0.11774266 0.3456     0.11369396]\n",
      " [0.11932867 0.11369396 0.3456    ]]\n",
      "Xii of  bus_3029  =  [[0.3456     0.11774266 0.11932867]\n",
      " [0.11774266 0.3456     0.11369396]\n",
      " [0.11932867 0.11369396 0.3456    ]]\n",
      "Xii of  bus_3033  =  [[0.3456     0.11774266 0.11932867]\n",
      " [0.11774266 0.3456     0.11369396]\n",
      " [0.11932867 0.11369396 0.3456    ]]\n",
      "Xii of  bus_3037  =  [[0.3456     0.11774266 0.11932867]\n",
      " [0.11774266 0.3456     0.11369396]\n",
      " [0.11932867 0.11369396 0.3456    ]]\n",
      "Xii of  bus_3038  =  [[0.3456     0.11774266 0.11932867]\n",
      " [0.11774266 0.3456     0.11369396]\n",
      " [0.11932867 0.11369396 0.3456    ]]\n",
      "Xii of  bus_3044  =  [[0.432      0.14717832 0.14916084]\n",
      " [0.14717832 0.432      0.14211745]\n",
      " [0.14916084 0.14211745 0.432     ]]\n",
      "Xii of  bus_3049  =  [[0.432      0.14717832 0.14916084]\n",
      " [0.14717832 0.432      0.14211745]\n",
      " [0.14916084 0.14211745 0.432     ]]\n",
      "Xii of  bus_3056  =  [[0.432      0.14717832 0.14916084]\n",
      " [0.14717832 0.432      0.14211745]\n",
      " [0.14916084 0.14211745 0.432     ]]\n",
      "Xii of  bus_3058  =  [[0.432      0.14717832 0.14916084]\n",
      " [0.14717832 0.432      0.14211745]\n",
      " [0.14916084 0.14211745 0.432     ]]\n",
      "Xii of  bus_3057  =  [[0.432      0.14717832 0.14916084]\n",
      " [0.14717832 0.432      0.14211745]\n",
      " [0.14916084 0.14211745 0.432     ]]\n",
      "Xii of  bus_3059  =  [[0.432      0.14717832 0.14916084]\n",
      " [0.14717832 0.432      0.14211745]\n",
      " [0.14916084 0.14211745 0.432     ]]\n",
      "Xii of  bus_3063  =  [[0.432      0.14717832 0.14916084]\n",
      " [0.14717832 0.432      0.14211745]\n",
      " [0.14916084 0.14211745 0.432     ]]\n",
      "Xii of  bus_3062  =  [[0.432      0.14717832 0.14916084]\n",
      " [0.14717832 0.432      0.14211745]\n",
      " [0.14916084 0.14211745 0.432     ]]\n",
      "Xii of  bus_3001  =  [[0.432      0.14717832 0.14916084]\n",
      " [0.14717832 0.432      0.14211745]\n",
      " [0.14916084 0.14211745 0.432     ]]\n",
      "Xii of  bus_3008  =  [[0.432      0.14717832 0.14916084]\n",
      " [0.14717832 0.432      0.14211745]\n",
      " [0.14916084 0.14211745 0.432     ]]\n"
     ]
    }
   ],
   "source": [
    "# set config using lst_act_locs, and call Gdisc kgain design func. The func does:\n",
    "# for 3ph system there are r phase-actuators, for example node6_phA; thus there are r nonzero F elements\n",
    "# for each of nonzero element of F, det Gdisc conditions; conditions give an upper bound on that F ele search space \n",
    "# compute vector of F_ub, dimension rx1\n",
    "# search space of [0 F_ub] in r-space and det evals of closed-loop system\n",
    "# Select combo with smallest spectral radius, and return kgains of dim rx1\n"
   ]
  },
  {
   "cell_type": "code",
   "execution_count": 17,
   "metadata": {},
   "outputs": [
    {
     "name": "stdout",
     "output_type": "stream",
     "text": [
      "foo\n",
      "foo\n",
      "foo\n",
      "foo\n",
      "foo\n",
      "foo\n",
      "foo\n",
      "foo\n",
      "foo\n",
      "foo\n",
      "foo\n",
      "foo\n",
      "foo\n",
      "foo\n",
      "foo\n",
      "foo\n",
      "foo\n",
      "foo\n",
      "foo\n",
      "foo\n",
      "[0.14486088 0.14486088 0.14486088 0.19314784 0.19314784 0.19314784\n",
      " 0.19314784 0.19314784 0.19314784 0.19314784 0.2414348  0.2414348\n",
      " 0.2414348  0.2414348  0.2414348  0.2414348  0.2414348  0.2414348\n",
      " 0.2414348  0.2414348 ]\n"
     ]
    }
   ],
   "source": [
    "# print kgains vector to csv, and in ephasorsim we read in csv to assign to Kp_vmag, Ki_vmag, etc.\n",
    "# kgains has dimension rx1, where is number of phase-actuators)"
   ]
  },
  {
   "cell_type": "code",
   "execution_count": null,
   "metadata": {},
   "outputs": [],
   "source": []
  }
 ],
 "metadata": {
  "kernelspec": {
   "display_name": "Python 3",
   "language": "python",
   "name": "python3"
  },
  "language_info": {
   "codemirror_mode": {
    "name": "ipython",
    "version": 3
   },
   "file_extension": ".py",
   "mimetype": "text/x-python",
   "name": "python",
   "nbconvert_exporter": "python",
   "pygments_lexer": "ipython3",
   "version": "3.7.6"
  }
 },
 "nbformat": 4,
 "nbformat_minor": 4
}
